47.0 [196.43307495117188, 219.64312744140625, 270.3497314453125, 286.283203125]
47.0 [400.45794677734375, 130.64111328125, 450.1539611816406, 179.1204833984375]
47.0 [834.22265625, 7.600734233856201, 892.9903564453125, 66.53402709960938]
47.0 [59.71321105957031, 296.6711120605469, 100.461669921875, 333.0573425292969]
47.0 [247.52967834472656, 54.11582565307617, 290.95245361328125, 95.21436309814453]
47.0 [688.0557250976562, 292.12646484375, 743.0553588867188, 345.20733642578125]
47.0 [720.0385131835938, 110.47261047363281, 769.6365356445312, 158.7213592529297]
47.0 [926.7459106445312, 50.39913558959961, 961.7763061523438, 87.6867904663086]
47.0 [672.7366943359375, 340.2567138671875, 722.0720825195312, 388.8738098144531]
47.0 [472.48052978515625, 47.76476287841797, 526.5849609375, 118.58631896972656]
47.0 [222.56114196777344, 150.5883331298828, 258.19488525390625, 184.2165069580078]
47.0 [138.96217346191406, 325.6103210449219, 174.4033660888672, 359.5672302246094]
47.0 [18.18985366821289, 348.640869140625, 67.89772033691406, 393.9149475097656]
47.0 [147.84713745117188, 56.460845947265625, 201.72781372070312, 108.2740249633789]
47.0 [642.5740356445312, 412.9423828125, 698.3407592773438, 470.9449768066406]
47.0 [731.5029907226562, 641.3623657226562, 775.3965454101562, 688.8775024414062]
47.0 [103.80623626708984, 329.1935119628906, 140.83993530273438, 360.7865295410156]
47.0 [879.634033203125, 148.4358673095703, 922.4301147460938, 192.322021484375]
47.0 [802.8275756835938, 272.6141662597656, 849.9811401367188, 318.2791748046875]
47.0 [567.740234375, 73.35413360595703, 672.8562622070312, 180.64794921875]
47.0 [681.51953125, 535.8899536132812, 738.1293334960938, 590.8359985351562]
47.0 [681.7230834960938, 377.9842834472656, 743.3545532226562, 438.5584411621094]
47.0 [5.17034387588501, 160.00518798828125, 37.62700271606445, 190.79937744140625]
47.0 [766.110595703125, 394.40130615234375, 827.3255004882812, 445.7605895996094]
47.0 [211.7051544189453, 46.89250946044922, 245.69992065429688, 85.13196563720703]
47.0 [1010.935302734375, 432.2727355957031, 1061.4752197265625, 480.54510498046875]
47.0 [50.61698532104492, 91.04617309570312, 96.79788208007812, 159.8696746826172]
47.0 [979.4371948242188, 271.53619384765625, 1028.826904296875, 321.6901550292969]
47.0 [1076.844970703125, 168.86334228515625, 1107.2640380859375, 195.93443298339844]
47.0 [435.2609558105469, 115.46016693115234, 465.9861145019531, 149.56329345703125]
47.0 [721.3206176757812, 334.3407287597656, 771.49951171875, 383.9393005371094]
47.0 [1029.6954345703125, 495.6251220703125, 1074.246337890625, 539.8931274414062]
47.0 [722.3864135742188, 576.49462890625, 776.8533935546875, 626.203857421875]
47.0 [731.8460693359375, 692.40185546875, 777.7770385742188, 746.8327026367188]
47.0 [667.2738037109375, 0.0, 713.7821655273438, 31.618764877319336]
47.0 [0.26613593101501465, 491.6837158203125, 30.441085815429688, 528.1766357421875]
47.0 [1053.45166015625, 98.9458236694336, 1081.232421875, 126.40855407714844]
47.0 [579.9451293945312, 81.40116119384766, 652.6762084960938, 150.3867950439453]
47.0 [1127.9158935546875, 80.37926483154297, 1157.40869140625, 114.49624633789062]
47.0 [668.984375, 0.24901984632015228, 707.81005859375, 26.73286247253418]
47.0 [568.7116088867188, 82.4443359375, 648.7341918945312, 179.42262268066406]
47.0 [791.8195190429688, 126.6658935546875, 826.8700561523438, 171.3831329345703]
